frame0000:800,600,200,570,400,300
frame0001:800,600,210,570,400,300
frame0002:800,600,220,570,400,300
frame0003:800,600,230,570,400,300
frame0004:800,600,240,570,400,300
frame0005:800,600,250,570,400,300
frame0006:800,600,260,570,400,300
frame0007:800,600,270,570,400,300
frame0008:800,600,280,570,400,300
frame0009:800,600,290,570,400,300
frame0010:800,600,300,570,400,300
frame0011:800,600,310,570,400,300
frame0012:800,600,320,570,400,300
frame0013:800,600,330,570,400,300
frame0014:800,600,340,570,400,300
frame0015:800,600,350,570,400,300
frame0016:800,600,360,570,400,300
frame0017:800,600,370,570,400,300
frame0018:800,600,380,570,400,300
frame0019:800,600,390,570,400,300
frame0020:800,600,400,570,400,300
frame0021:800,600,410,570,400,300
frame0022:800,600,420,570,400,300
frame0023:800,600,430,570,400,300
frame0024:800,600,440,570,400,300
frame0025:800,600,450,570,400,300
frame0026:800,600,460,570,400,300
frame0027:800,600,470,570,400,300
frame0028:800,600,480,570,400,300
:frame0029:800,600,490,570,400,300
:frame0030:800,600,500,570,400,300
:frame0031:800,600,510,570,400,300
:frame0032:800,600,520,570,400,300
:frame0033:800,600,530,570,400,300
:frame0034:800,600,540,570,400,300
:frame0035:800,600,550,570,400,300
:frame0036:800,600,560,570,400,300
:frame0037:800,600,570,570,400,300
:frame0038:800,600,580,570,400,300
:frame0039:800,600,590,570,400,300
:frame0040:800,600,600,570,400,300
:frame0041:800,600,610,570,400,300
:frame0042:800,600,620,570,400,300
:frame0043:800,600,630,570,400,300
:frame0044:800,600,640,570,400,300
:frame0045:800,600,650,570,400,300
:frame0046:800,600,660,570,400,300
:frame0047:800,600,670,570,400,300
:frame0048:800,600,680,570,400,300
:frame0049:800,600,690,570,400,300
:frame0050:800,600,700,570,400,300
:frame0051:800,600,710,570,400,300
:frame0052:800,600,720,570,400,300
:frame0053:800,600,730,570,400,300
:frame0054:800,600,740,570,400,300
:frame0055:800,600,750,570,400,300
:frame0056:800,600,760,570,400,300
:frame0057:800,600,770,570,400,300
:frame0058:800,600,780,570,400,300
:frame0059:800,600,790,570,400,300